1000
27
32
19
24
8
25
47
22
51
14
43
17
34
34
52
32
49
6
21
26
38
43
30
5
18
8
18
47
31
35
32
35
43
36
36
42
36
3
44
49
12
24
4
1
44
44
21
49
18
1
27
23
44
11
21
22
12
40
42
50
14
24
52
10
51
12
33
42
32
48
32
21
8
17
41
43
43
7
36
30
20
51
3
9
14
23
4
49
22
37
7
36
51
33
26
12
33
17
41
41
29
28
21
49
20
50
19
24
30
44
13
51
38
22
30
15
31
17
35
35
14
21
41
31
43
32
27
15
21
52
7
50
36
7
40
28
29
52
22
52
27
2
10
23
39
43
32
34
38
31
16
14
12
35
18
41
43
35
35
8
15
9
10
29
46
28
31
38
6
10
27
4
12
37
24
43
52
41
19
38
29
32
11
17
40
23
8
27
21
43
37
24
14
51
51
27
21
28
12
21
49
24
26
33
48
46
5
22
26
43
15
34
8
52
20
38
37
46
12
18
28
43
40
28
49
22
37
40
23
51
10
37
49
44
50
21
21
14
46
1
2
48
46
30
2
19
39
14
3
36
28
43
13
19
28
15
51
10
1
41
34
31
39
40
29
43
40
46
27
45
4
44
44
35
7
36
31
32
9
10
48
20
5
40
18
6
1
21
18
9
42
5
8
43
35
25
11
23
20
42
27
35
45
7
42
2
22
8
42
41
27
10
9
44
3
4
34
27
42
47
38
31
51
8
14
47
2
24
20
12
21
7
12
7
9
39
12
33
46
39
19
28
2
8
46
26
31
9
48
11
8
29
48
10
22
17
25
12
21
28
35
17
31
11
24
22
13
31
22
11
44
34
8
1
2
21
36
19
45
47
8
43
20
40
22
42
8
12
48
31
19
13
39
19
2
41
7
38
2
47
41
25
47
27
3
18
7
6
28
47
33
9
25
5
36
14
51
39
8
19
12
10
40
48
48
4
17
9
22
2
51
47
51
31
13
34
45
50
20
18
34
30
37
9
51
47
39
29
16
41
38
35
44
16
28
48
32
12
5
21
34
45
1
40
34
5
32
23
44
7
52
26
49
33
2
6
31
50
32
42
12
8
47
21
28
43
31
15
39
46
43
33
4
9
51
26
10
26
36
51
11
48
52
13
3
13
17
26
8
44
43
31
37
51
39
9
22
21
42
20
19
48
30
11
50
3
18
6
30
1
37
48
30
47
37
1
4
27
42
18
25
47
3
4
29
10
3
10
18
36
2
12
32
18
23
31
47
32
18
26
2
22
29
45
8
32
52
13
40
46
27
19
20
23
6
49
11
45
3
47
31
5
22
4
5
14
8
37
2
31
17
28
13
52
42
14
34
51
9
3
12
15
12
44
34
28
8
52
41
18
18
20
36
5
31
50
16
50
27
24
49
32
4
9
20
26
5
48
34
39
1
12
8
14
3
32
12
33
23
1
45
21
42
41
36
20
12
13
48
37
51
51
39
5
47
46
3
8
47
11
50
9
14
51
31
3
4
20
30
8
48
31
5
39
31
43
52
21
45
42
24
46
49
38
40
15
23
36
19
31
18
5
2
35
35
18
43
44
28
5
38
6
25
27
35
30
18
50
23
14
38
29
47
49
31
39
20
41
44
21
9
12
28
44
16
18
2
20
44
11
12
3
50
50
18
6
15
14
8
6
6
51
1
26
6
48
26
20
45
43
6
35
2
32
8
3
14
45
2
32
32
9
16
43
3
46
8
25
52
39
40
2
8
11
1
13
19
9
17
23
5
10
20
38
31
40
18
5
23
4
49
35
30
21
39
11
8
15
28
39
18
13
38
1
23
3
24
10
15
24
43
40
5
50
45
6
32
29
21
25
21
8
7
25
50
19
50
3
39
10
31
26
46
22
33
7
33
17
26
33
49
44
48
10
30
37
29
43
44
26
17
9
14
17
25
51
52
16
4
20
37
37
17
8
21
38
33
34
13
39
2
19
32
1
2
36
8
11
39
15
22
3
37
31
20
41
31
27
1
25
15
24
14
23
13
6
8
15
52
18
49
36
31
42
12
23
16
33
45
35
50
37
51
21
6
16
51
40
15
21
44
8
5
44
23
2
46
35
26
16
38
42
49
29
17
22
10
2
41
42
33
40
37
22
14
33
2
48
43
46
26
44
50
35
27
22
16
39
30
42
11
7
8
31
32
22
7
9
14
15
12
40
49
9
22
3
42
14
26
2
22
2
44
11
14
41
27
37
30
21
41
48
38
52
29
20
42
6
32
14
